10
152942916 890201338 447437875 850230858 392500776 51824041
616910598 852526788 97385827 128239399 905946467 441469201
378325699 553517561 52875655 534954719 943720580 439865380
32268 903550982 254746923 685306021 371911855 91436656
395204699 439960780 698887633 994184556 926749210 278257384
283716653 317512011 167742869 669466900 731154528 61967676
72083262 436197668 169469090 678878274 972863828 564437067
75415557 942762766 378897741 462886628 995638421 818763121
406607208 751705756 513870483 671311741 289528129 43223597
537249180 605307140 335700729 452008048 466474465 236136813
